1001
988
963
961
989
937
971
947
953
542
523
592
614
618
670
986
954
938
968
974
940
946
958
978
982
595
736
739
740
928
930
965
997
948
931
975
993
966
936
1000
999
661
919
921
915
922
914
969
984
941
913
970
994
991
972
980
995
774
821
777
824
713
669
708
681
666
908
906
907
967
945
916
964
900
819
817
893
902
901
904
899
905
894
926
909
977
903
924
990
891
881
887
880
879
890
883
885
892
911
935
923
882
976
889
981
868
865
863
871
864
872
876
912
987
884
979
962
951
929
870
866
858
855
851
786
763
862
852
853
859
861
850
896
888
878
996
973
841
836
813
839
798
815
795
797
849
846
845
848
843
857
844
943
642
550
547
584
604
593
840
833
837
834
831
955
832
957
998
960
830
811
818
823
827
820
829
814
816
810
825
822
854
927
842
932
806
809
805
804
807
799
800
808
918
856
895
985
942
952
802
992
793
788
702
700
705
703
701
717
718
677
723
785
789
791
790
860
310
769
784
779
770
776
775
773
771
783
778
781
772
780
782
803
323
380
317
304
332
359
312
375
766
764
767
762
768
765
761
944
407
422
444
562
560
334
348
355
378
374
351
377
366
873
750
735
274
445
552
554
531
538
585
546
587
339
344
744
732
729
728
381
449
458
402
478
428
413
456
328
483
322
716
379
720
721
337
699
522
408
459
409
474
450
470
578
318
320
360
372
314
696
724
730
168
477
412
414
464
545
536
308
741
335
307
725
758
358
486
591
526
473
466
455
454
468
448
574
722
698
746
692
733
719
690
709
517
442
680
674
532
527
565
557
579
519
551
548
583
686
556
752
672
668
675
683
679
682
693
734
748
749
742
755
694
745
756
715
753
757
747
754
743
751
660
659
658
655
665
664
651
663
656
653
607
617
612
616
608
594
648
632
625
620
611
640
599
629
621
601
297
505
513
597
605
623
615
638
634
644
567
602
622
520
646
613
282
490
290
291
487
502
501
645
684
707
676
671
710
706
667
704
624
627
636
633
631
628
647
662
738
737
654
643
637
639
630
626
302
471
535
564
609
600
619
606
610
596
590
687
650
598
649
691
959
838
826
920
867
760
875
956
939
801
796
812
847
877
934
787
392
588
405
394
421
571
555
563
534
582
540
570
576
575
533
568
521
558
516
566
528
518
529
559
511
509
491
495
488
515
514
561
503
504
512
507
508
506
510
539
500
493
494
498
497
572
524
657
383
389
485
361
301
489
492
711
482
476
481
475
480
479
553
549
463
462
465
472
467
461
469
727
446
452
460
447
457
451
453
586
423
404
420
418
440
441
443
484
439
210
435
437
436
697
688
580
176
211
433
429
431
569
432
726
424
417
427
426
416
635
589
573
406
403
410
603
419
544
641
411
345
330
396
395
399
398
685
425
393
346
329
333
363
305
342
354
385
387
390
496
714
652
386
898
370
376
373
369
384
382
933
299
294
286
365
279
276
281
295
293
362
357
272
270
269
298
277
338
917
268
267
265
264
266
263
311
259
261
260
257
316
284
347
325
157
50
254
256
255
327
289
253
244
245
240
215
53
104
250
164
42
47
238
247
107
251
149
232
241
233
217
194
246
218
222
313
252
280
288
321
353
285
283
340
237
249
248
239
242
243
262
292
235
236
229
234
336
214
207
192
135
195
191
197
201
220
225
196
51
100
137
128
182
193
209
213
102
132
173
166
156
153
174
144
181
300
143
139
152
141
163
148
133
134
221
188
184
216
228
161
127
150
226
167
159
162
205
179
178
212
142
147
131
125
120
224
118
165
158
146
117
116
198
227
115
114
175
119
112
155
121
186
110
219
185
126
108
223
169
160
106
124
190
154
103
101
258
203
99
98
352
350
315
273
324
202
349
343
950
388
326
581
949
543
81
64
319
695
88
48
309
828
41
55
306
371
65
90
96
92
43
73
94
93
78
82
183
208
59
58
172
91
89
38
36
52
35
63
61
67
34
44
85
45
54
27
17
22
204
12
9
1
20
7
14
32
30
5
15
19
8
71
62
77
16
80
79
33
4
18
28
72
10
46
86
69
49
70
438
24
11
129
74
66
39
29
87
25
26
577
400
21
75
37
13
200
76
56
23
530
84
3
140
303
199
364
68
678
105
391
122
271
60
925
136
415
57
275
230
537
341
499
367
835
171
869
40
331
111
83
187
368
356
177
95
712
434
731
794
145
138
792
401
31
130
231
296
673
6
170
983
189
525
180
109
287
397
2
123
97
151
874
430
278
206
113
910
689
759
541
897