3001
2217
1779
495
923
918
965
996
2349
2983
1403
265
2968
1719
1387
798
496
281
297
1195
1752
2962
2165
1852
690
1465
284
1747
2026
1169
2697
2619
654
632
28
2219
629
2516
1070
511
985
174
2986
2687
1827
521
1716
664
2989
421
878
1462
1256
1223
1873
1734
742
694
2733
394
1415
2984
2827
725
552
515
316
1645
1836
48
294
1770
1353
1610
1902
586
2290
320
1347
2488
2406
1325
1447
121
1974
2907
993
1352
2664
2613
418
1674
2998
600
2017
74
800
2806
2911
1062
219
864
890
87
1159
565
2866
524
2601
140
230
2562
2459
801
223
1768
2194
1754
1829
2038
2803
2759
1194
1613
1054
1234
2521
438
2259
2637
697
1505
301
640
2726
656
2976
2666
2307
505
2095
1171
2384
1837
2370
653
2864
2047
2649
1319
2062
2351
2011
1227
256
102
1606
330
2282
1097
2560
168
2732
2822
1280
2993
315
1805
2611
2469
1230
2691
340
1696
886
285
424
1289
1013
2153
940
241
2631
824
2794
815
1411
1220
1243
1012
2193
2746
1569
234
2675
609
20
546
2298
1120
1634
1101
2719
2168
1603
1594
892
2543
261
976
1160
2497
2817
2667
1601
1618
384
194
266
2997
2205
2753
1168
2903
481
1639
1595
1876
1040
1844
1969
1147
649
488
2234
1536
1527
2212
1526
347
136
2227
1975
1001
713
93
1778
2419
1413
741
2049
302
1318
2621
1814
1435
583
2129
2390
2323
2707
355
1445
310
1753
46
2507
208
1612
1212
1200
1051
268
1529
2456
663
1482
1992
439
1557
2655
1854
1312
2831
2429
193
745
1656
956
2682
1561
13
1698
2464
1133
2888
341
2849
1933
94
477
2684
2318
2815
1971
453
2480
1773
2024
129
32
770
2446
235
435
2569
939
1608
2023
227
1807
2811
196
2210
1215
1328
869
1226
1713
1739
1842
2576
2137
2949
2005
459
1423
1821
1911
2342
77
2683
416
2473
1941
1515
1375
2207
643
2115
1875
2787
2091
2963
2880
239
1099
480
2764
807
361
2104
1371
958
69
2700
357
1
1887
2224
679
2048
2820
889
1848
1115
2292
1035
415
2190
1421
151
291
1574
1310
1075
153
408
2739
518
2058
873
92
626
1670
2766
776
2908
1884
2051
620
2830
1470
1228
1686
1077
318
2909
2221
1286
1815
564
2623
1846
1568
374
2881
1538
2879
2436
718
1180
1956
373
680
616
2910
2720
2476
638
2566
1108
1488
1265
1000
244
161
2530
2242
2427
1571
2859
24
1069
767
2892
498
345
1338
1095
358
714
517
2474
2299
899
2123
41
2842
210
2156
1891
2789
2247
2237
2975
5
624
1760
2295
2887
3
395
1702
1381
143
109
2933
1124
2001
2763
540
2810
2399
1746
1365
2470
246
1791
830
2863
1355
491
1359
2176
2136
814
851
364
1093
1448
1600
2118
819
1677
2
2425
984
2625
1560
867
249
2841
590
933
2846
907
1599
1535
1841
2084
2036
3000
1290
375
904
444
1867
2593
2250
2458
2147
2254
614
1855
336
2669
905
757
1153
2555
2344
1182
1217
723
1893
914
1491
1134
571
2381
1649
169
2927
120
2668
2807
1912
1724
2514
931
1029
1472
1231
319
393
2513
1995
2046
2034
1092
2134
2082
2912
2848
2752
1840
1859
2974
1008
431
398
941
1890
2757
2592
1321
668
2693
483
1391
2289
2969
1506
225
2890
405
58
1494
1360
400
270
2013
1800
217
1564
1857
1408
2014
2245
2432
1547
430
2708
2662
1730
2126
49
545
1262
994
1546
1255
1438
1802
712
1425
950
2401
880
2491
1279
558
2781
213
2531
1920
1988
91
1336
2981
1137
1936
2055
2445
789
1666
1673
2869
1749
838
1382
44
2285
2520
2771
613
2582
2246
228
2918
2324
175
1404
507
1542
1449
1947
2944
2777
844
1446
1979
273
148
1498
2103
389
2805
2467
2211
2741
1776
1428
1140
1534
1378
578
687
736
2606
2226
317
1655
866
1483
1184
2717
2243
2267
185
1197
1894
688
2709
2526
1308
2615
850
748
2197
1341
218
269
2690
2215
1740
2877
2833
2718
2685
784
696
2920
995
2926
2354
2288
1079
1879
178
2865
1278
2343
646
2019
2479
282
2729
2750
1504
2872
2588
569
1813
2312
1930
2170
2899
2744
2388
2982
2799
502
806
2363
535
2468
2332
1469
1299
2905
991
1339
2861
1509
2364
763
1563
1914
2452
2105
2383
2450
2524
530
1507
2663
2624
305
283
845
2065
2823
1405
1281
95
222
2050
808
76
2854
790
300
623
1233
1493
204
813
2102
1021
391
251
2350
1358
821
572
1644
85
839
1921
2066
636
1254
1273
2266
385
1523
1691
1085
437
2706
2816
2320
634
470
669
333
299
635
1253
885
100
665
165
1812
1241
414
1688
110
2966
744
1777
1588
672
2328
1142
2395
1161
1344
1597
2897
434
409
1646
1834
6
363
2409
1105
107
1763
750
2564
2698
797
2159
2394
2203
2284
1769
732
2045
397
205
2902
267
2223
622
2281
2528
1621
2873
2352
1667
2416
1027
2812
2052
1478
2359
805
2316
2035
1518
1806
137
2317
1059
1167
1550
2558
2233
2585
896
2953
2518
257
2924
2438
968
1019
2076
1662
176
1072
837
2952
2274
2140
260
999
1501
2990
1357
1845
1985
2748
71
2600
19
115
26
820
1439
448
2094
1480
1025
15
2642
1631
2303
337
1444
1004
519
1793
2162
334
1517
201
2397
966
829
1685
2061
1866
1044
67
739
1960
1918
1384
2942
215
1997
1155
2599
1710
2191
973
254
17
1949
1587
671
2728
1980
2236
581
352
1717
2659
64
2296
2279
930
1106
1999
2077
1558
406
2391
2622
1602
2612
1010
2113
874
388
531
343
562
1917
2510
1206
970
1313
255
2244
200
2660
327
2421
1063
1651
2179
1925
738
1722
871
386
1269
1899
1555
588
1553
1567
1860
768
1080
2886
585
969
119
1324
1144
2437
1950
910
1329
387
2287
793
504
1484
1794
183
2931
1582
2800
2522
1458
1222
924
2004
1566
2844
726
2321
1061
1479
372
1048
2353
1865
278
1283
2595
1014
2694
1214
1376
2634
2614
1003
2241
2544
2548
1576
181
2372
1098
2923
1761
70
698
440
2430
791
677
2834
1986
1432
619
2119
2679
516
1203
2225
2068
2424
753
116
1959
2735
719
2481
7
2253
2743
1583
2503
2074
596
2656
1451
2839
2755
1490
1193
2220
2475
2411
1179
66
1452
978
2306
1658
1141
1886
198
1064
288
563
1759
2970
1163
1789
1377
1276
381
787
1398
190
686
1847
2991
1869
56
2067
575
1745
1104
1076
579
156
2053
1272
2386
1922
232
862
203
2913
1477
2164
2636
1850
1858
455
2041
2893
349
323
1471
2482
621
1309
1126
666
716
2936
413
2853
2950
2692
2769
2410
332
53
659
612
81
997
252
2633
27
38
676
2536
12
2850
55
986
2037
842
2672
420
2297
2768
1520
2471
1637
2704
857
812
2836
18
1697
957
1978
900
2627
2602
342
557
1627
2030
543
1731
2670
2122
2523
97
909
2677
2135
132
856
2616
1011
875
1422
1720
2643
1410
727
75
847
118
721
1199
360
380
2311
2776
944
627
2304
684
2740
262
1625
1316
1607
891
462
729
2553
1103
988
560
250
84
2090
1511
1175
580
1946
461
2957
376
1073
1552
2204
39
182
863
1690
1596
884
2603
2737
2540
861
2327
338
2651
2575
2255
2712
1248
2309
457
827
901
1516
749
1593
2835
2056
2749
1165
734
164
2607
989
1345
2703
1294
2696
1361
1620
700
1396
2110
2596
2143
1705
449
1522
1218
1901
2440
2098
881
412
2116
1919
149
1481
785
1500
173
2280
2900
134
1067
2174
2107
133
794
2967
1573
650
2184
674
1972
2955
769
126
1492
2554
238
2214
1123
831
854
365
979
533
1083
599
2120
2277
271
2549
1268
60
2665
2433
832
2337
955
1473
2018
167
206
929
1152
1913
2640
1348
114
1023
796
1907
450
1015
2928
370
1680
2154
644
83
525
1293
1419
1993
484
740
2042
2701
2071
783
2705
1066
2819
1196
473
774
1652
1412
78
903
1653
2175
1270
2171
1732
2620
2793
1642
1741
1370
840
1757
2078
2155
2583
1257
1513
642
1654
2114
2932
2650
2884
146
510
1363
746
1111
2086
1775
407
2915
1245
479
1533
2767
706
2563
411
554
2131
1767
2477
1693
765
2208
1708
2172
287
1798
303
188
1816
1366
253
2922
894
2286
2784
1031
576
1521
731
2552
2315
404
1468
868
2925
289
2699
2994