3001
2363
454
2743
2682
737
1241
1317
922
712
817
612
1371
302
1982
1420
2310
2817
1687
2516
2226
2603
373
1074
7
2073
1819
1414
506
951
2713
1771
2757
2161
1880
2528
2594
709
575
2534
952
779
1217
2078
1419
1405
708
535
2460
2444
2228
206
76
873
1211
1086
1979
1837
1267
522
2399
2238
1062
2131
153
2805
397
1343
246
1776
994
191
2255
2661
971
2853
1059
2862
1052
2525
98
2139
973
1690
736
420
2933
2636
908
2427
907
1966
2784
1514
1016
286
2617
621
337
89
2677
2978
2465
1914
2049
812
857
1045
2391
2854
1264
2394
2348
1384
263
788
322
113
1577
1002
1038
2652
773
292
2044
644
141
359
1607
970
1189
1162
2413
2657
2506
1037
999
799
2347
299
419
1097
2971
1461
2694
1265
2928
1894
1433
1867
1958
1768
2604
304
23
1464
2011
2770
1448
357
1722
816
350
2960
688
2733
1916
544
1573
1845
2098
2045
735
204
2555
1296
2194
2591
2800
633
49
137
2338
2981
1924
902
2297
2895
2334
1968
862
2048
1445
1943
47
2069
592
124
1767
1752
1876
943
2466
2072
2490
1134
2025
1436
152
176
1326
1457
560
166
1642
2952
2802
2400
2201
586
1124
2669
2311
2003
2074
1383
2274
651
1719
587
1197
1386
1306
1750
1902
2702
590
1970
859
2907
2794
1249
285
2613
766
2009
941
2227
429
156
2308
1110
2693
1678
1131
1793
717
2998
743
2519
2884
1803
1474
262
426
1271
2385
165
2732
1311
850
311
540
2699
840
1826
2396
300
577
2919
2970
1437
66
1572
2804
2988
774
2687
1556
1180
2742
1161
1669
131
2374
2056
2054
2861
2306
983
2728
1529
1746
2912
1868
1276
2814
2203
333
1712
1915
2206
1949
1284
1462
1525
2899
1897
1800
1688
1391
2099
278
753
2231
2335
985
1558
4
1408
1886
146
957
2856
2463
2441
1056
539
2085
786
1190
1112
1168
2232
2246
400
2626
1927
2017
810
1220
1160
366
2344
2055
1057
1469
1941
2833
1783
554
1020
762
2412
2291
2958
2849
2483
849
1601
2531
2979
2710
2875
503
841
2951
2916
2877
104
1789
404
1327
947
1137
1581
574
148
1152
1450
88
1212
2265
1359
656
2993
2812
1224
1823
2755
1069
867
536
344
2647
682
1256
2461
2257
2904
305
2107
2416
1400
1411
2797
120
2116
702
1755
2840
876
1676
2792
1517
2475
728
615
863
833
1715
233
1887
2897
1356
570
763
967
2810
2429
2826
2191
2965
1136
996
2358
2820
40
31
2373
2352
2505
1909
711
2050
43
1452
2452
2202
1582
1839
2067
2464
1595
565
661
599
2216
2953
220
2882
2125
1721
1091
626
334
2541
2522
2042
1973
2375
2930
1612
440
236
747
1799
1647
1785
878
1530
758
315
1832
2887
2889
1253
1418
1021
2577
488
2731
5
2169
2205
699
2493
17
2432
1653
439
2855
2982
1199
1473
184
1603
2292
90
61
1139
1600
596
601
1156
18
2574
1221
838
1862
2200
958
624
641
91
170
725
175
1593
466
649
2456
700
1584
1912
2948
418
909
471
1998
811
223
751
822
2813
1731
2526
457
1176
2553
2588
1103
1564
326
1786
489
1627
144
1841
2556
2754
538
1063
75
1499
1843
2083
1050
2911
1951
2035
2763
2921
1665
12
1201
919
731
1804
1489
2845
2008
769
2182
1012
283
1123
2868
2135
2502
600
896
459
1435
2825
1102
803
2660
245
1501
428
2846
2300
2407
2509
910
548
960
2124
1549
2230
2991
1512
1330
869
2303
2628
1957
338
1245
2609
2320
436
339
11
2630
1940
431
42
2497
15
1718
658
2769
825
868
1157
2032
1727
2144
2718
714
940
550
1234
1591
1128
723
2808
1116
1222
2714
2070
787
1355
2284
2384
1923
1531
282
443
2307
1640
1851
132
342
901
2215
1005
2462
2405
1478
1736
133
2917
1901
2167
2950
2496
2333
2692
2248
903
2168
1513
1625
543
1480
1908
129
2578
1100
1855
379
2828
2336
1575
2236
41
2095
836
1082
2593
1692
399
2108
1237
1917
975
1570
724
542
928
2746
623
187
2106
507
264
298
1518
1218
1756
1683
171
469
2494
2773
1787
1878
2827
1848
295
413
1
771
2286
877
2196
312
2691
593
2936
2780
1148
398
2864
2761
273
639
2010
1410
2807
2062
703
2678
1621
2788
303
2540
1829
1490
2482
287
2000
1007
1954
1778
2209
2046
777
679
509
323
2901
1015
2651
1494
814
843
1322
1177
2275
1910
2184
2956
10
1935
1185
502
1689
2781
870
112
2573
228
496
2985
2137
2944
1154
480
1747
2637
2548
32
571
1913
1301
453
2649
504
2431
557
1818
2071
556
2068
976
353
848
83
2894
1619
2597
475
2271
2537
1120
51
650
1228
48
1936
2183
2480
2386
1930
609
1579
1200
2848
715
2799
2126
2696
2147
159
277
977
1594
2294
1933
2132
2366
1986
85
2214
1961
1098
2197
1095
864
1093
792
79
2316
555
2174
2267
1760
2605
2314
308
1278
628
1184
981
2745
2601
2564
2004
1353
2758
2430
2156
2076
2103
348
1243
414
2765
2929
1475
1174
2836
2061
376
377
162
595
2700
121
1179
2974
684
2533
527
254
689
230
1467
2736
261
258
875
256
2279
425
1658
721
1325
2269
602
482
1840
871
1303
1879
1882
2908
1078
2622
1788
54
395
210
1505
515
2579
2586
2869
1334
1292
2847
2905
1707
2313
1524
1976
2014
1107
2891
2370
1108
962
511
2217
584
2298
1072
1511
1608
880
2451
659
2706
1507
1026
108
2777
157
1994
547
2716
2264
2639
2403
2815
1523
1589
513
1831
1551
635
2515
1468
30
2388
1660
1444
145
784
2690
2
1698
468
1310
610
415
2544
2750
3000
1947
776
2158
173
1498
2127
664
1766
402
2740
211
1106
1790
2688
1429
2250
2302
1247
1519
1871
2545
1094
1971
1441
995
477
2606
2562
1354
745
1728
1651
2625
60
1060
531
2830
2057
1204
2458
2874
608
858
69
1268
2645
1844
362
2612
2721
2549
924
1588
1077
122
2301
1186
775
669
1516
2989
202
485
2835
2744
478
820
57
200
1626
2446
1873
1781
1223
2644
2789
2345
2251
252
1440
222
530
1536
2130
2425
2749
2159
1532
2154
20
946
939
549
1283
143
2582
1117
673
393
1674
460
2664
2575
354
65
1992
101
2283
219
203
35
53
1084
451
2178
116
434
381
2372
59
1417
2539
2566
1632
1215
1071
2273
2021
1527
1877
654
806
1919
391
2563
2532
853
331
231
1972
2289
1338
2865
94
106
2467
1807
1849
255
637
742
297
1460
1817
435
495
982
972
2423
1142
790
2256
1738
1567
1929
801
232
1758
606
1304
1308
2213
1191
1049
296
2212
729
2028
1254
561
2766
969
1438
2679
1730
160
2576
1590
1854
1171
2697
2945
442
290
2105
553
2114
614
2170
147
805
1645
2659
2610
1614
2762
1860
630
281
1732
293
2031
1289
1047
2437
2339
2193
2309
2473
2838
1402
424
86
1083
707
732
1544
403
1859
2223
622
2443
149
1312
1453
1388
804
660
1774
2879
2091
294
240
808
1662
1335
1076
632
2319
1208
2999
2052
1753
2857
499
1096
1521
2001
551
2253
2330
893
2224
374
1635
2378
1362
2110
2624
966
2806
1568
932
1616
1340
449
2529
1872
1451
347
1034
140
1969
1337
1889
1287
154
492
87
2955
462
249
823
672
486
1239
618
1372
937
1634
214
1606
1155
1250
441
1895
2858
1510
73
1806
2371
1214
1701
1583
327
1569
180
479
566
2595
991
2816
2707
829
2658
1216
1181
275
2727
1896
2361
1428
979
772
603
519
2024
2321
2871
2380
2450
2885
2990
2987
2666
2362
2424
2486
2787
2717
2614
2252
2997
2832
2783
2748
2943
2939
2920
2910
2902
2850
2796
2751
2738
2881
2775
2983
2975
2880
2878
2866
2947
2737
2883
2734
2823
2719
2977
2704
2585
2572
2592
2596
2568
2551
2772
2550
2527
2518
2517
2543
2511
2508
2500
2499
2491
2485
2484
2479
2747
2703
2698
2684
2683
2681
2676
2673
2670
2668
2665
2469
2468
2453
2442
2435
2428
2422
2419
2355
2305
2287
2258
2247
2241
2322
2240
2233
2218
2398
2207
2643
2327
2204
2192
2179
2173
2171
2164
2341
2160
2155
2656
2393
2389
2638
2623
2619
2376
2368
2359
2349
2151
2146
2143
2140
2133
2122
2120
2117
2113
2097
2092
2088
2053
2051
2041
2039
2037
2026
2020
2018
2006
2005
2002
1996
1991
1990
1985
1984
1978
1960
1955
1944
1934
2343
2992